MntWines,MntFruits,MntMeatProducts,MntFishProducts,MntSweetProducts,MntGoldProds
1.0,0.39,0.59,0.39,0.39,0.39
0.39,1.0,0.57,0.6,0.58,0.38
0.59,0.57,1.0,0.59,0.55,0.37
0.39,0.6,0.59,1.0,0.59,0.42
0.39,0.58,0.55,0.59,1.0,0.38
0.39,0.38,0.37,0.42,0.38,1.0
